4986
358
3158
2656
1883
6879
9750
6965
2462
7360
4235
6222
7728
8944
6400
2580
5892
5642
5772
4148
8631
5650
3996
4332
3972
91
9607
5843
7832
9401
4641
7221
291
960
7058
4740
8721
4695
3440
4198
3732
4866
4174
7051
6011
4032
1092
9281
6493
6785
9127
4774
666
6243
4231
9887
4578
746
4843
453
7508
2446
3355
376
6163
3484
2204
9487
3182
8388
5527
5032
2561
3194
4553
6985
1020
2406
1065
7473
1453
4785
4709
4454
3679
2005
4220
3787
5799
8619
5964
606
187
3301
9294
6551
5023
5990
6457
2984
2860
1231
8735
7557
6692
4346
4794
3280
5344
8708
3231
1412
1380
6743
207
1162
6860
6295
7102
8396
9655
805
2116
1365
6640
4084
4843
2064
484
335
4895
9665
5722
6793
8312
9938
9381
6625
89
270
1067
5544
8138
2646
1210
1205
3202
9178
6095
8460
7529
6586
8114
455
2040
8274
1517
705
9829
6208
2894
551
9430
8924
9523
9263
3955
270
7328
9524
345
3077
82
6765
778
22
1011
7794
6937
6302
1686
1893
2529
5581
7420
4755
9416
7098
6072
7962
2682
2802
6537
7300
9292
9764
1255
1256
4138
3672
83
3722
5292
1148
3656
5657
6080
8375
999
5418
9924
943
9507
4216
5777
6912
1200
5642
865
58
2580
163
7433
9822
8792
5125
7320
6468
674
6221
4716
4962
6005
2629
9048
8605
31
4608
1746
8872
8009
7207
5091
2356
4386
3611
3770
3963
8166
8458
4255
3022
426
345
1770
6858
4098
1400
4838
8589
549
1332
7231
3631
1089
1312
2719
4456
350
35
8908
4618
7900
3133
8502
9141
1518
5732
8675
3732
1933
1856
688
6594
4787
4815
4682
7117
5414
861
6698
2625
8174
1384
982
6274
2764
1963
7401
7295
