5234
3724
9498
7938
3151
14
2864
3704
9276
5835
9268
8898
3746
2564
5630
5756
2744
2442
7731
7322
5846
6499
800
9568
6324
7783
84
2865
7479
5873
8220
6239
9986
9693
4629
287
6694
992
951
6328
8581
3296
8750
8109
9653
6137
779
182
7831
5526
3613
2997
1458
737
7021
5828
3438
3691
8656
5494
4577
9657
8069
8549
9901
5030
5365
9099
9501
4652
3654
1534
8195
9133
4686
4017
5397
7725
3711
6705
8279
5615
3940
8358
287
9674
7766
5730
7988
8730
1805
807
5865
1558
1883
8225
6381
2616
9228
9801
7982
7378
9036
1862
9378
522
2832
3800
3769
7502
4781
9523
8656
1715
9197
6278
8721
5868
2113
2647
8379
2035
3167
5636
8328
8204
2179
8519
1907
1407
6180
6131
5038
1630
7999
730
1056
5472
2126
4400
5822
785
9378
6236
6458
6037
6310
4444
5001
7383
9458
8462
433
7988
309
8534
238
5083
1703
9819
1629
5274
9563
7672
7840
1257
4665
6984
6634
7013
6696
534
5973
210
2248
2390
584
5171
5848
8045
9389
7211
7692
5093
5844
3908
9261
2578
9995
6335
535
7518
7979
1110
4468
9670
2578
6704
1639
8725
6455
3259
1579
4857
2847
6278
3749
2198
7364
737
937
9545
3765
4778
5535
4978
7768
4028
736
4545
7898
8856
5518
3548
9942
8420
8510
2468
1623
5617
1274
3847
8341
521
2320
82
3643
4814
3115
1043
8220
6261
3617
7077
2610
591
5758
1218
3865
9010
7471
2676
3950
3837
5776
1636
5298
2203
6290
6715
939
8144
936
1215
2939
7955
1626
3433
814
7511
3138
8521
5578
2167
5506
1788
2182
8497
8677
5783
4026
4897
7589
2073
3033
7
1438
310
4867
4998
1922
2797
1676
8355
4978
9591
7965
230
6846
4630
2745
3193
34
7733
6396
7811
4442
3785
854
6996
8424
1537
1955
9532
1688
241
2243
1101
1172
2593
6643
8373
8049
2406
2018
9984
2365
269
6880
2013
9553
1839
8366
6626
6822
5044
3462
2684
4422
8765
9569
586
6425
5040
3518
7920
9160
2094
7553
3593
9091
573
3091
3251
7699
4724
301
4809
7416
210
3395
1093
1669
543
5769
606
1848
6718
5116
4460
5912
1943
3391
3068
8079
2786
3758
4817
6451
7170
2490
549
8872
840
9459
2966
4370
842
5983
9038
8782
9942
747
6156
763
1538
5008
7980
1092
5013
6093
2047
8681
3331
477
7698
1340
5668
4371
1800
5669
2152
5757
9354
8180
7736
7010
8962
2386
4263
6328
4119
5910
8722
2076
7986
5165
8842
7020
4993
6184
2209
8606
6127
1112
1717
2342
6888
2645
9912
4641
3458
9379
4452
318
3388
9158
3152
5368
5385
45
3657
5499
809
9497
6567
2165
3049
545
6684
886
2643
8108
6305
7463
7215
2164
9930
2573
609
2044
4626
9499
516
5239
7846
2755
8448
7920
157
4684
6606
1077
9562
3355
8798
2155
4320
8882
2822
5208
7978
6004
5960
7305
6354
7343
9841
178
5948
7007
7755
8224
4024
7858
1134
4416
8840
2973
5190
8108
2050
2757
4811
6560
765
6686
3743
1052
9685
9623
4019
7304
3502
9881
1497
4704
2608
4897
7651
1838
6084
8872
9719
9776
854
4317
6013
2645
9617
6255
4391
4198
295
3355
6001
2839
14
3096
3186
5925
2021
9954
2375
2866
3695
4116
668
7036
3280
4803
9968
8027
7644
7538
4579
9139
750
3411
1913
9693
8431
85
471
9636
6071
6237
7044
6359
951
1722
5690
335
4844
8747
9097
8045
6994
7544
6852
7371
8637
5350
6193
4049
3903
8695
6040
5087
7298
557
4822
5787
6994
2403
3061
6192
9263
2265
8254
2680
9755
149
2532
4606
776
3076
8585
1646
2330
7445
6752
6703
8451
882
1341
6441
4100
662
2914
6810
2690
9327
9439
1915
1730
9390
9399
2816
3988
7203
9263
7405
4818
5885
8857
6655
8904
4491
605
3740
3269
506
6416
453
6241
7419
4905
8079
7796
2807
2923
9435
5219
206
3356
3477
4815
4536
6978
6192
8431
7200
6346
6769
6563
9424
9808
5412
75
9609
5481
1681
4479
3436
3764
9003
2576
7574
9756
5823
265
1055
7013
8031
9600
375
5929
1811
7738
7470
3140
5283
952
3995
4814
6035
1977
2964
1262
3946
2426
8691
9458
1466
7760
7825
791
7491
6582
2938
2288
7725
9510
7135
5432
4978
3123
9855
4529
7098
2574
9944
4703
3393
1790
4169
5072
1163
6839
9410
3079
7441
2247
6292
5688
125
5494
3146
3894
6989
6405
1529
688
3764
5112
141
5955
6730
2476
2872
3220
5678
3584
1666
5288
8361
3241
5117
6361
8508
2224
7934
3632
1137
2701
5135
740
7688
6058
487
7454
2791
5919
2606
667
628
9443
5454
8536
1443
748
6299
8894
8753
4133
648
8334
5319
6759
2187
4845
9335
500
694
5334
4061
530
6777
9591
2314
9120
5482
1968
2209
531
75
7638
5404
9011
5046
3818
9417
308
166
3397
566
2181
2050
4091
9343
1508
3940
5024
422
4228
8656
8831
4078
2579
1980
6935
4253
4515
8984
3682
8120
6322
9646
9384
1455
2341
6708
6460
6413
7489
8858
1911
5563
3988
695
8427
5031
9451
4484
2284
2390
7817
3778
6497
6803
5578
6970
4258
6709
7180
3771
2358
1607
3172
8275
2947
693
9410
7205
6594
5065
9596
2475
290
4658
5243
780
6808
7137
7036
2864
8007
3590
1537
4458
5770
9895
5628
8403
4502
4465
5362
3051
1453
9628
5295
5120
1713
3419
3793
7359
362
1429
526
8211
6717
5119
6736
5566
5838
7184
4878
1076
8033
3346
7760
3729
4833
7550
5984
5021
5720
9292
1901
4345
8134
7888
3555
3859
6912
4872
5103
7025
3638
8003
8789
3233
4080
3642
6300
9886
1628
6454
4616
116
9996
4116
7393
3006
7772
4772
6589
6173
3262
5499
6186
9238
7633
4154
3831
8970
8301
8612
8347
2473
8649
2242
3202
76
8952
7621
4118
3676
4554
8432
6029
4972
2742
6595
8961
4650
1043
1898
2307
