digraph {
	30
	7280
	30 -> 7280
	8463
	7280 -> 8463
	8452
	8463 -> 8452
	6539
	7280 -> 6539
	5345
	6539 -> 5345
	9625
	8463 -> 9625
	689
	5345 -> 689
	3833
	689 -> 3833
	53
	689 -> 53
	8712
	9625 -> 8712
	3349
	3833 -> 3349
	6403
	5345 -> 6403
	9681
	9625 -> 9681
	1620
	3349 -> 1620
	4917
	3833 -> 4917
	7579
	8452 -> 7579
	7075
	6539 -> 7075
	1
	30 -> 1
	1879
	1620 -> 1879
	1309
	1620 -> 1309
	414
	53 -> 414
	270
	414 -> 270
	3242
	1879 -> 3242
	6477
	6403 -> 6477
	3492
	3349 -> 3492
	9058
	8712 -> 9058
	1203
	1309 -> 1203
	9474
	9058 -> 9474
	9320
	9474 -> 9320
	1226
	1203 -> 1226
	1428
	1309 -> 1428
	2931
	3242 -> 2931
	6741
	7075 -> 6741
	2007
	2931 -> 2007
	3012
	2931 -> 3012
	6917
	6741 -> 6917
	8463
	8712 -> 8463
	4006
	4917 -> 4006
	1282
	1226 -> 1282
	5908
	6403 -> 5908
	3936
	4006 -> 3936
	8918
	9058 -> 8918
	8224
	7579 -> 8224
	9225
	9320 -> 9225
	4340
	4006 -> 4340
	5950
	5908 -> 5950
	1216
	1226 -> 1216
	4050
	4340 -> 4050
	5190
	4917 -> 5190
	7002
	6917 -> 7002
	9455
	9320 -> 9455
	5992
	5950 -> 5992
	4917
	5190 -> 4917
	7674
	8224 -> 7674
	1780
	1879 -> 1780
	6581
	6741 -> 6581
	2852
	2007 -> 2852
	6541
	6581 -> 6541
	9907
	9681 -> 9907
	1440
	1428 -> 1440
	409
	270 -> 409
	9757
	9907 -> 9757
	3409
	3492 -> 3409
	3748
	3492 -> 3748
	1964
	2007 -> 1964
	7499
	7579 -> 7499
	9526
	9474 -> 9526
	1595
	1440 -> 1595
	5133
	4917 -> 5133
	9291
	9225 -> 9291
	4127
	4050 -> 4127
	9826
	9757 -> 9826
	863
	1203 -> 863
	8699
	8463 -> 8699
	1531
	1595 -> 1531
	4794
	4340 -> 4794
	5561
	5908 -> 5561
	5717
	5561 -> 5717
	3209
	3012 -> 3209
	9307
	9291 -> 9307
	8939
	8918 -> 8939
	6167
	5992 -> 6167
	1022
	863 -> 1022
	6025
	6167 -> 6025
	9480
	9526 -> 9480
	7764
	7674 -> 7764
	2782
	2852 -> 2782
	2772
	2782 -> 2772
	6238
	6167 -> 6238
	5928
	5950 -> 5928
	8017
	7764 -> 8017
	8146
	8017 -> 8146
	5645
	5717 -> 5645
	410
	409 -> 410
	1465
	1531 -> 1465
	7442
	7499 -> 7442
	6830
	6917 -> 6830
	9171
	9225 -> 9171
	1093
	1022 -> 1093
}
