digraph {
	30
	7
	30 -> 7
	96
	30 -> 96
	12
	7 -> 12
	8
	12 -> 8
	1
	7 -> 1
	9
	8 -> 9
	36
	96 -> 36
	72
	36 -> 72
	8
	9 -> 8
	63
	72 -> 63
	4859
	9996
	4859 -> 9996
	999
	4859 -> 999
	9937
	9996 -> 9937
	7807
	9937 -> 7807
	524
	999 -> 524
	7032
	7807 -> 7032
	2615
	999 -> 2615
	1127
	2615 -> 1127
	8562
	7807 -> 8562
	9139
	8562 -> 9139
	4810
	2615 -> 4810
	6785
	7032 -> 6785
	1191
	1127 -> 1191
	4956
	6785 -> 4956
	9265
	9139 -> 9265
	4282
	4810 -> 4282
	3419
	4282 -> 3419
	4983
	4956 -> 4983
	5813
	4983 -> 5813
	8049
	8562 -> 8049
	3752
	3419 -> 3752
	5160
	5813 -> 5160
	7081
	7032 -> 7081
	569
	524 -> 569
	8429
	8049 -> 8429
	4284
	4282 -> 4284
	9525
	9265 -> 9525
	8212
	8429 -> 8212
	1842
	1191 -> 1842
	9248
	9265 -> 9248
	1239
	1842 -> 1239
	1950
	1842 -> 1950
	6280
	5813 -> 6280
	5792
	5160 -> 5792
	4210
	3752 -> 4210
	5212
	5792 -> 5212
	8254
	8212 -> 8254
	9082
	9139 -> 9082
	3157
	3419 -> 3157
	883
	569 -> 883
	774
	883 -> 774
	2970
	3157 -> 2970
	3951
	4210 -> 3951
	4012
	3951 -> 4012
	2523
	1950 -> 2523
	5267
	5212 -> 5267
	3886
	3951 -> 3886
	9218
	9248 -> 9218
	2260
	2523 -> 2260
	5433
	5267 -> 5433
	1213
	1239 -> 1213
	717
	774 -> 717
	7803
	7081 -> 7803
	6298
	6280 -> 6298
	9022
	9082 -> 9022
	8094
	8212 -> 8094
	2149
	2260 -> 2149
	3602
	3752 -> 3602
	6100
	6280 -> 6100
	1281
	1239 -> 1281
	1204
	1213 -> 1204
	5125
	5160 -> 5125
	726
	717 -> 726
	4288
	4284 -> 4288
	8749
	9022 -> 8749
	3770
	3886 -> 3770
	782
	774 -> 782
	2339
	2260 -> 2339
	2864
	2970 -> 2864
	6703
	6298 -> 6703
	2287
	2339 -> 2287
	4078
	4012 -> 4078
	3877
	3770 -> 3877
	5930
	6100 -> 5930
	3177
	3157 -> 3177
	4705
	4288 -> 4705
	6670
	6703 -> 6670
	3436
	3602 -> 3436
	1613
	1281 -> 1613
	8215
	8254 -> 8215
	2689
	2864 -> 2689
	1010
	1127 -> 1010
	7027
	6785 -> 7027
	6009
	5930 -> 6009
	8552
	8429 -> 8552
	458
	524 -> 458
	7280
	7803 -> 7280
	1087
	1010 -> 1087
	6799
	7027 -> 6799
	7363
	7280 -> 7363
	7195
	7280 -> 7195
	2113
	2149 -> 2113
	3071
	2970 -> 3071
	7547
	7363 -> 7547
	9137
	9082 -> 9137
	8173
	8094 -> 8173
	8935
	8749 -> 8935
	6729
	6703 -> 6729
	7891
	8049 -> 7891
}
